54.54 198.23
58.74 228.51
65.07 259.13
75.83 288.92
101.32 316.7
133.04 334.53
164.23 338.47
194.09 328.5
221.83 304.73
241.16 273.82
246.57 243.22
248.09 212.96
247.3 182.86
93.4 191.5
102.52 185.87
111.27 183.77
120.07 184.67
128.77 190.49
120.33 191.23
111.66 192.08
102.43 191.96
112.34 187.37
77.02 176.57
87.95 162.45
102.88 158.59
118.14 158.85
132.45 167.41
118.46 168.75
104 169.97
90.2 173.08
177.45 187.18
185.13 180.47
193.45 178.12
202.43 178.74
211.52 183.13
203.35 185.06
194.6 186.22
186.2 186.52
194.18 181.67
170.72 164.74
182.99 154.28
197.02 151.67
211.98 153.22
224.23 165.13
211.46 163.8
197.88 163.19
184.24 164.06
141.81 191
138.98 207.3
136.01 224.08
129.15 242.13
143.29 244.31
172.81 242.32
185.11 237.99
176.35 221.13
170.97 205.27
165.69 189.29
157.71 234.41
119.1 271.51
138.26 266.13
158.71 265.64
178.77 263.53
197.66 266.9
182.16 282.9
160.27 290.51
137.09 286.07
138.65 271.11
159.05 271.69
178.98 268.65
179.52 276.6
159.74 280.64
138.81 279.03